933 302 53.9
933 302 74.6
933 303 81.7
932 303 88.3
932 303 98.5
932 303 106.7
932 303 128.0
931 303 200.6
931 304 344.7
931 304 555.4
931 304 886.5
930 304 1060.8
930 304 1100.6
930 304 1173.1
930 305 1308.7
929 305 1499.2
929 305 1715.4
929 305 1938.4
929 305 2100.4
928 305 2227.6
928 306 2266.6
928 306 2256.6
928 306 2214.7
927 306 2139.3
927 306 2030.9
927 306 1879.7
927 307 1745.3
926 307 1616.0
926 307 1512.5
926 307 1413.1
926 307 1330.7
925 307 1278.2
925 308 1234.7
925 308 1204.4
925 308 1175.1
924 308 1098.9
924 308 945.9
924 308 736.1
924 309 554.1
923 309 438.2
923 309 414.0
923 309 408.5
923 309 477.0
922 309 420.4
922 310 192.5
