875 230 53.9
874 230 74.6
873 229 81.7
873 229 88.3
872 228 98.5
872 228 106.7
871 228 128.0
870 227 200.6
870 227 344.7
869 226 555.4
869 226 886.5
868 226 1060.8
867 225 1100.6
867 225 1173.1
866 224 1308.7
866 224 1499.2
865 224 1715.4
864 223 1938.4
864 223 2100.4
863 222 2227.6
863 222 2266.6
862 222 2256.6
861 221 2214.7
861 221 2139.3
860 220 2030.9
860 220 1879.7
859 220 1745.3
858 219 1616.0
858 219 1512.5
857 218 1413.1
857 218 1330.7
856 218 1278.2
855 217 1234.7
855 217 1204.4
854 216 1175.1
854 216 1098.9
853 216 945.9
852 215 736.1
852 215 554.1
851 214 438.2
851 214 414.0
850 214 408.5
850 213 477.0
849 213 420.4
848 212 192.5
